0
0
0
0
0
0
0
0
0
0
0
0
0
0
0
0
0
0
0
0
0
0
0
0
0
0
0
0
0
0
0
0
0
0
0
0
0
0
0
0
0
0
0
0
0
0
0
0
0
0
0
0
0
0
0
0
0
0
0
0
0
0
0
0
0
0
0
0
0
0
0
0
0
0
0
0
0
0
0
0
0
0
0
0
0
0
0
0
0
0
0
0
0
0
0
0
0
0
0
0
0
0
0
0
0
0
0
0
0
0
0
0
0
0
0
0
0
0
0
0
0
0
0
0
0
0
0
0
0
0
0
0
0
0
0
0
0
0
0
0
0
0
0
0
0
0
0
0
0
0
0
0
0
0
0
0
0
11.038505
8.757036
6.8813725
6.444947
3.817014
2.9690855
2.5305128
2.6133037
3.2087984
1.3152727
2.8561628
2.089227
1.5787822
1.6447744
1.8280352
2.68E-02
-5.1330476
-5.7506638
3.4990096
14.94267
23.839046
25.282928
21.044111
17.385445
14.379687
12.024215
10.881146
11.137713
12.493802
14.507617
16.263918
17.153244
17.47927
17.198723
15.990002
14.587358
13.744387
12.75172
10.856978
9.087334
8.12293
7.8475046
8.076618
8.295659
8.12257
7.7770066
7.6409
7.99534
8.372851
8.473751
8.723026
9.106088
9.6145935
10.230778
10.817061
11.8954935
13.319301
14.416091
15.167535
15.766166
16.207102
16.566208
17.099499
17.497505
17.597063
17.72383
17.68632
17.102768
16.1758
15.361455
14.65667
13.253195
12.730461
12.301383
12.05247
12.879509
14.298258
15.914402
17.743917
19.406364
20.641947
21.175602
20.856062
20.037567
19.085186
17.98916
16.665094
15.327154
14.346859
13.8193
13.549516
13.3671
13.707495
14.487222
15.047273
15.481957
16.174013
16.981464
17.828012
19.654009
21.772224
23.163054
24.52733
25.642658
26.45936
27.41981
28.361845
29.02371
29.038939
28.262539
26.983662
25.212362
22.921824
20.095146
16.6598
1.30E+01
9.595111
6.7408395
4.0812917
2.24843
1.5004376
0.6583851
-0.94997674
-2.8116336
-3.9715486
-4.8784976
-6.726437
1.6744314
12.721729
24.39777
28.561241
24.975452
21.30766
17.872578
15.062836
13.507077
13.200988
13.349667
14.028285
15.398405
16.467205
16.940756
17.090218
16.705675
15.979234
14.994207
14.194766
14.274245
14.255001
13.508682
12.692576
12.060701
10.871108
9.788157
10.075097
10.259582
10.046883
10.242576
10.668871
11.29063
11.985835
12.481695
12.944485
13.389154
13.40342
13.425305
13.815936
14.262068
14.204064
14.112203
14.607468
15.043872
15.660744
16.929493
17.684923
17.21747
16.538868
16.093956
15.277389
14.093277
13.093176
12.512379
12.194204
12.069338
12.224105
12.933197
14.211458
15.565286
16.777723
17.610796
17.783007
17.241722
16.210308
15.385194
15.066371
14.989357
14.734113
14.321084
14.331145
14.686045
14.822098
14.725037
14.752904
15.065051
15.555866
16.232767
17.228382
18.5857
20.06005
21.34887
22.463629
23.600958
24.87353
26.166618
26.896288
26.5587
25.365648
24.023998
22.838453
21.471964
19.687052
17.604618
15.459269
13.472648
11.850558
10.553373
9.12635
7.2244387
5.1370225
2.6934538
-0.41047856
-2.9109895
-4.0645294
-4.2082562
-3.8842359
-4.3004975
-8.946135
-6.8235197
5.079394
16.427813
26.178389
27.139051
22.321497
16.91316
11.744374
8.515963
7.850074
9.181498
11.645538
14.266458
16.134357
16.966997
17.15583
16.956377
16.114073
14.592771
13.309641
12.332533
11.801972
11.625138
11.80799
12.532228
13.247632
13.467663
13.480705
13.471872
15.354135
13.468849
13.380622
13.995218
14.547286
15.144225
15.839088
16.250431
18.705711
19.791016
20.058521
20.19482
20.058498
19.910765
19.949963
20.005304
19.93143
19.773134
19.60842
20.302069
19.302681
17.148584
15.409206
14.506653
13.527007
13.7286825
17.026169
15.953458
15.730344
16.042866
16.684038
17.841091
14.498278
12.973557
13.600065
17.251707
16.714405
15.518994
14.865727
14.202832
13.371885
12.806113
12.894469
13.277509
14.019786
15.129099
16.29547
17.786268
19.377037
20.707993
21.978605
23.413157
24.822857
25.887892
26.362371
26.37135
26.147196
25.700125
25.02435
24.339394
23.642025
22.620956
20.94451
18.864332
17.083788
15.701502
14.616178
13.827145
13.244722
12.616525
11.595442
10.321151
8.86938
7.045349
4.6367145
1.2225062
-2.8826954
-6.462621
-0.49583614
9.152304
20.320398
24.531488
22.354013
20.001093
17.447401
16.088257
16.46367
17.424425
17.98532
18.124723
18.037432
17.879078
17.853083
17.875614
17.754332
17.87774
18.007246
17.850857
17.235376
16.533945
16.079494
15.887844
15.556501
15.105786
14.733649
14.712153
15.120401
15.2128105
15.408614
15.999644
16.228262
15.875349
15.79852
16.134468
15.867351
15.40622
15.2576685
15.267824
15.258825
15.648768
16.14097
16.069042
15.951867
0
0
0
0
0
0
0
0
0
0
0
0
0
0
0
0
0
0
0
0
0
0
0
0
0
0
0
0
0
0
0
0
0
0
0
0
0
0
0
0
0
0
0
0
0
0
0
0
0
0
0
0
0
0
0
0
0
0
0
0
0
0
0
0
0
0
0
0
0
0
0
0
0
0
0
0
0
0
0
0
0
0
0
0
0
0
0
0
0
0
0
0
0
0
0
0
0
0
0
0
0
0
0
0
0
0
0
0
0
0
0
0
0
0
0
0
0
0
0
0
0
0
0
0
0
0
0
0
0
0
0
0
0
0
0
0
0
0
0
0
0
0
0
0
0
0
0
0
0
0
0
0
0
0
0
0
0
0
0
0
0
0
0
0
0
0
0
0
0
0
0
0
0
0
0
0
0
0
0
0
0
0
0
0
0
0
0
0
0
0
0
0
0
0
